hc = 1239.8;
E = 3.8135;
lamda = hc/E;

    